20261011  1  1 19  6  7 11  5 -1  4  3  1  0  6  1
20261011  1  2 36  3  4  5  3  0  6  5  0  0  4  1
20261011  1  3 16  9 10  8 11 -1  5  3  0  0  2  1
20261011  1  4 44  2  5  1  6  1  6  6  1  2 11  1
20261011  1  5 18  7  6  4  8 -1  3  3  0  0  7  1
20261011  1  6 63  1  1  2  1  2  8  8  0  2  1  1
20261011  1  7 27  5  2  3  2 -1  3  6  1  0  5  1
20261011  1  8 16  8  9 10  9 -1  3  3  0  0  8  1
20261011  1  9 11 11  8  9  7 -3  2  3  0  1  3  1
20261011  1 10 14 10 11  7 10 -1  5  3  0  0 10  1
20261011  1 11 35  4  3  6  4  0  4  6  0  0  9  1
20261011  1 12  .  .  .  .  .  .  .  .  .  .  .  .
20261011  2  1 23  6  8  9  8  0  5  4  0  0 10  3
20261011  2  2 29  4  6  8  3  0  6  6  0  0  3  3
20261011  2  3 55  2  3  3  7  3  9  9  0  2  7  3
20261011  2  4 22  7  7  4 11  0  5  5  0  0  2  3
20261011  2  5  5 11  5  7  5 -4  1  1  0  1  9  3
20261011  2  6  6 10 10 10  6 -4  1  1  0  1  1  3
20261011  2  7 44  3  4  1  9  2  5  7  0  2  4  3
20261011  2  8 16  8  9 11  1 -1  4  3  0  0  8  3
20261011  2  9 27  5  1  2  4  0  4  5  0  0 11  3
20261011  2 10 61  1  2  6  2  4  9  9  0  2  6  3
20261011  2 11 11  9 11  5 10 -3  3  3  0  1  5  3
20261011  2 12  .  .  .  .  .  .  .  .  .  .  .  .
20261011  3  1 30  5  7  7  8  0  6  5  0  0  6  4
20261011  3  2 11 10 10 10  9 -3  1  1  0  1  8  4
20261011  3  3 38  4  4  5  4  0  6  6  0  0  7  4
20261011  3  4 17  8  9  3 11 -2  2  4  0  0  3  4
20261011  3  5 16  9  8  9  2 -1  1  1  0  1  1  4
20261011  3  6 46  1  1  8  1  3  8  8  1  2 11  4
20261011  3  7 43  3  2  4  7  2  7  8  0  0  9  4
20261011  3  8 45  2  3  2  3  2  8  8  0  0  4  4
20261011  3  9 19  7  5  1 10 -1  3  4  0  0  5  4
20261011  3 10 10 11 11 11  5 -2  2  1  0  1  2  4
20261011  3 11 25  6  6  6  6  0  6  4  0  0 10  4
20261011  3 12  .  .  .  .  .  .  .  .  .  .  .  .
20261011  4  1 42  2  6  7  5  2  7  6  0  0  4  4
20261011  4  2 37  3  3  2  6  1  7  7  1  0  1  4
20261011  4  3 17  9  1  6  4 -3  3  5  0  1  2  4
20261011  4  4 42  1  9  3 11  0  7  6  0  0 11  4
20261011  4  5 32  5  2  8  3  0  6  7  0  0  5  4
20261011  4  6 25  7  5  9  1  0  4  5  0  0 10  4
20261011  4  7 10 10  4  4  7 -2  2  3  0  1  6  4
20261011  4  8  7 11 11 10  9 -4  1  1  0  1  9  4
20261011  4  9 25  8  7 11  2  0  3  4  0  0  3  4
20261011  4 10 28  6 10  5  8  0  6  5  0  0  7  4
20261011  4 11 34  4  8  1 10  1  6  6  0  2  8  4
20261011  4 12  .  .  .  .  .  .  .  .  .  .  .  .
20261011  5  1 14  9 11  9  4 -1  2  2  0  1  6  4
20261011  5  2 25  5  3  5  7  0  3  5  0  0  5  4
20261011  5  3 30  3  5 10  1  1  4  5  0  2  3  4
20261011  5  4 27  4  8  4  5  0  4  4  0  0  4  4
20261011  5  5 54  2  1  3  3  3  9  9  0  2  2  4
20261011  5  6 60  1  2  1  9  4  9  9  0  2  7  4
20261011  5  7 23  6  6  6  6  0  5  3  0  0 11  4
20261011  5  8 11 10  9  8  8 -2  1  2  0  1  9  4
20261011  5  9 21  8  7 11  2  0  4  3  0  0  1  4
20261011  5 10 11 11 10  7 11 -2  1  1  0  1  8  4
20261011  5 11 23  7  4  2 10  0  4  6  0  0 10  4
20261011  5 12  .  .  .  .  .  .  .  .  .  .  .  .
20261011  6  1 21  9 11  3 11  0  5  4  0  0  3  4
20261011  6  2 51  2  2  1  2  3  9  9  0  2  2  4
20261011  6  3 66  1  1  2  5  4  9  9  0  2  9  4
20261011  6  4 24  4  5  7  6  0  6  6  0  0  4  4
20261011  6  5 23  6  6  4  9  0  6  5  0  1  8  4
20261011  6  6 22  8  7  5 10  0  7  6  0  0  5  4
20261011  6  7 23  7  3  6  3  0  7  6  1  0  7  4
20261011  6  8 24  5  9  9  7  0  6  5  0  0  6  4
20261011  6  9 25  3 10 11  8  0  6  4  0  0  1  4
20261011  6 10 10 11  4  8  1 -2  2  3  0  2 11  4
20261011  6 11 12 10  8 10  4 -1  3  2  0  1 10  4
20261011  6 12  .  .  .  .  .  .  .  .  .  .  .  .
20261011  7  1 47  2  2  3  5  2  8  8  1  0 10  1
20261011  7  2 20  7  9  2 10  0  5  4  0  0  1  1
20261011  7  3 20  8  5  4  6 -1  4  3  1  1  8  1
20261011  7  4 25  5  6  6  9 -1  6  5  0  0  5  1
20261011  7  5 33  4  4 10  1  0  6  5  0  2  4  1
20261011  7  6 18  9  8  8  8 -2  3  3  0  0  9  1
20261011  7  7  8 10 10  7  7 -3  1  1  0  1  2  1
20261011  7  8 36  3  3  1  4  0  7  7  0  2  3  1
20261011  7  9 22  6  7  9  2  0  4  3  2  0  6  1
20261011  7 10 71  1  1  5  3  4  9  9  3  2  7  1
20261011  7 11  .  .  .  .  .  .  .  .  .  .  .  .
20261011  7 12  .  .  .  .  .  .  .  .  .  .  .  .
20261011  8  1 29  7  8  4 11  2  8  7  0  0  4  4
20261011  8  2 33  4  2 12  3  2  8  8  0  0 11  4
20261011  8  3 33  5  4  8  2  1  7  7  0  0  8  4
20261011  8  4 48  1  1  6  5  2  9  9  0  2  2  4
20261011  8  5  8  9  9  5 10 -3  2  3  0  1  3  4
20261011  8  6  5 11 11 10 12 -4  2  1  0  1  9  4
20261011  8  7 15  8  5  9  8 -1  4  5  0  0  1  4
20261011  8  8 41  3  3  7  6  3  9  9  0  2  7  4
20261011  8  9 33  6 10  3  4  2  7  6  0  0  5  4
20261011  8 10  5 12 12  2  1 -4  3  1  0  1 12  4
20261011  8 11 43  2  7  1  7  3  9  8  0  2  6  4
20261011  8 12  8 10  6 11  9 -3  2  2  0  1 10  4
20261011  9  1 46  1  2  9  1  2  9  8  0  2  1  4
20261011  9  2 20  8  8  3  7  0  5  5  0  0  4  4
20261011  9  3 11 11 10 11  9 -2  4  1  0  1 11  4
20261011  9  4 43  2  3  5  5  2  9  8  1  2  7  4
20261011  9  5 16 10 11  2 10 -1  5  4  0  1 10  4
20261011  9  6 26  6  7  8  6  0  6  4  0  0  6  4
20261011  9  7 31  4  1  6  4  0  7  7  0  0  9  4
20261011  9  8 20  9  9  1 11  0  5  5  0  0  2  4
20261011  9  9 24  7  5  7  3  0  7  5  0  0  8  4
20261011  9 10 28  5  6 10  2  0  7  5  1  0  5  4
20261011  9 11 35  3  4  4  8  1  8  6  2  0  3  4
20261011  9 12  .  .  .  .  .  .  .  .  .  .  .  .
20261011 10  1 18  8  9  6 10  0  5  4  0  0  4  4
20261011 10  2 30  4  7  4  7  0  7  6  1  0 10  4
20261011 10  3 24  7  5 10  4  0  6  5  0  0  6  4
20261011 10  4 59  1  1  9  1  4  9  9  0  2  2  4
20261011 10  5 25  6  3  5  8  0  6  7  0  0  8  4
20261011 10  6 40  3  4  7  2  3  8  7  0  2  5  4
20261011 10  7  9 10  6  2  9 -3  3  3  0  1  3  4
20261011 10  8 27  5 11  1 11  0  7  6  0  0  1  4
20261011 10  9 10  9  8  8  6 -2  2  2  0  1  9  4
20261011 10 10 50  2  2  3  3  3  9  9  0  2  7  4
20261011 10 11  8 11 10 11  5 -2  1  1  0  1 11  4
20261011 10 12  .  .  .  .  .  .  .  .  .  .  .  .
20261011 11  1 36  3  3  2  9  2  7  8  0  0  7  4
20261011 11  2 36  4  7  7  3  1  9  7  0  2  4  4
20261011 11  3 16 10  5  8  4 -2  6  5  0  0  1  4
20261011 11  4 45  2  2  3  7  2  9  9  0  2  2  4
20261011 11  5 26  5 10  6 11  0  7  6  0  0  5  4
20261011 11  6 17  9  6  9  5  0  3  3  0  0  8  4
20261011 11  7 57  1  1  1  2  4  9  9  1  2 11  4
20261011 11  8 20  6  4  5  8  0  4  5  0  0  9  4
20261011 11  9 18  8  8 10  6  0  6  5  0  0  6  4
20261011 11 10 11 11  9 11  1 -1  2  2  0  1  3  4
20261011 11 11 18  7 11  4 10  0  4  5  0  1 10  4
20261011 11 12  .  .  .  .  .  .  .  .  .  .  .  .
