20261004  1  1 58  2  2  2  2  3  8  8  0  2  9  3
20261004  1  2 21  8  8  7 10 -1  5  4  0  0  1  3
20261004  1  3 12  9  7  8  6 -2  3  2  0  0  8  3
20261004  1  4  5 11 10 11  8 -4  5  1  0  1  7  3
20261004  1  5 23  5  3  6  4 -2  3  5  0  0  5  3
20261004  1  6  8 10 11  9 11 -2  2  1  0  1 11  3
20261004  1  7 24  4  5  5  9  0  6  5  0  0 10  3
20261004  1  8 49  3  4  4  3  2  7  7  0  2  2  3
20261004  1  9 58  1  1  1  1  4  9  9  0  2  3  3
20261004  1 10 21  7  6 10  5  0  4  3  0  0  6  3
20261004  1 11 21  6  9  3  7  0  4  4  0  0  4  3
20261004  1 12  .  .  .  .  .  .  .  .  .  .  .  .
20261004  2  1 44  2  1  4  2  3  9  9  0  2 10  3
20261004  2  2 23  6 10  5  6  1  4  4  0  0  1  3
20261004  2  3 18  9  7  8  7 -1  4  4  0  0  8  3
20261004  2  4 24  4  5  2 11  0  4  5  0  0  4  3
20261004  2  5 16 11  9  7  9  0  3  3  1  1 11  3
20261004  2  6 23  7  6  1 10  0  5  5  0  0  2  3
20261004  2  7 18 10  4  9  5  0  5  5  0  2  6  3
20261004  2  8 36  3 11 10  3  2  8  7  0  2  9  3
20261004  2  9 22  8  2  3  8  0  6  7  0  0  3  3
20261004  2 10 53  1  3  6  1  3  9  8  0  2  7  3
20261004  2 11 24  5  8 11  4  0  7  5  0  0  5  3
20261004  2 12  .  .  .  .  .  .  .  .  .  .  .  .
20261004  3  1 17  8 10  9 10  0  4  3  0  1  8  1
20261004  3  2 38  4  2  1  3  1  5  7  0  2  6  1
20261004  3  3 22  6  3  7  6  0  4  5  0  0  7  1
20261004  3  4 15  9  7  2  8 -2  2  3  0  0  2  1
20261004  3  5 32  5  8  6  2 -1  4  6  1  0  5  1
20261004  3  6 40  2  1  4  4  0  6  7  1  2  3  1
20261004  3  7 39  3  6  3  7  0  6  6  0  2  9  1
20261004  3  8 67  1  5  5  5  3  9  8  0  2  1  1
20261004  3  9 22  7  4 10  1  0  3  3  0  2  4  1
20261004  3 10  9 10  9  8  9 -4  1  1  0  1 10  1
20261004  3 11  .  .  .  .  .  .  .  .  .  .  .  .
20261004  3 12  .  .  .  .  .  .  .  .  .  .  .  .
20261004  4  1 14  9 11  9  9 -2  3  3  0  1  4  1
20261004  4  2 31  3  5  6  2  0  5  5  0  0 11  1
20261004  4  3 15  8  8 10  3 -1  2  2  0  1  2  1
20261004  4  4 72  1  7  5 11  4  9  9  0  2  7  1
20261004  4  5 21  7  2  8  1 -2  4  5  0  2  9  1
20261004  4  6 12 10  9  7 10 -2  1  1  0  1 10  1
20261004  4  7 28  4  4  1  4  1  5  5  0  2  5  1
20261004  4  8  8 11 10 11  5 -3  1  1  0  1  3  1
20261004  4  9 28  5  6  2  7  0  5  5  0  0  1  1
20261004  4 10 28  6  3  4  6  0  6  6  0  0  6  1
20261004  4 11 42  2  1  3  8  2  6  7  0  2  8  1
20261004  4 12  .  .  .  .  .  .  .  .  .  .  .  .
20261004  5  1 58  1  1  1  2  3  9  9  0  2  1  4
20261004  5  2 35  3  2  4  7  1  6  7  1  0  6  4
20261004  5  3 14 10  5  6  4  0  4  4  0  1  2  4
20261004  5  4 30  4  9  5 10  0  5  5  0  0  4  4
20261004  5  5 24  6  8 11  1  0  5  3  0  0  9  4
20261004  5  6 45  2  3  2  6  1  7  8  1  0  5  4
20261004  5  7 20  7  6  3 11  0  4  4  4  1  7  4
20261004  5  8 11 11 11  7  9 -3  2  2  0  1 11  4
20261004  5  9 25  5  7  9  5  0  3  3  0  0 10  4
20261004  5 10 17  9 10 10  3 -2  3  2  0  0  3  4
20261004  5 11 20  8  4  8  8  0  4  3  0  0  8  4
20261004  5 12  .  .  .  .  .  .  .  .  .  .  .  .
20261004  6  1 36  4  7 11  1  2  9  7  0  2  2  4
20261004  6  2 50  1  2  1 10  4  9  9  0  2  4  4
20261004  6  3 14  9 10  8 11  0  3  2  1  0  9  4
20261004  6  4 46  2  4  5  6  2  9  8  0  2  1  4
20261004  6  5 18  7  6  6  5  0  5  5  0  0 11  4
20261004  6  6 31  6  8  2  2  2  7  6  0  0  6  4
20261004  6  7 18  8  5  7  8  0  5  5  0  0  5  4
20261004  6  8 10 10  9 10  9 -1  2  2  0  0  7  4
20261004  6  9 37  3  3  4  3  4  9  9  0  2  3  4
20261004  6 10 10 11 11  9  7 -1  1  2  0  1  8  4
20261004  6 11 31  5  1  3  4  2  7  8  0  0 10  4
20261004  6 12  .  .  .  .  .  .  .  .  .  .  .  .
20261004  7  1 38  2  3  5  3  0  7  7  0  0 11  1
20261004  7  2 18 10 11  9 11  0  2  2  0  0  1  1
20261004  7  3 22  6  9  4  9  0  4  5  0  0  5  1
20261004  7  4 30  4 10 11  8  1  5  4  0  0  4  1
20261004  7  5 32  3  2  3  2  2  5  8  2  0  8  1
20261004  7  6 18  7  4  2  7  0  4  4  0  0  3  1
20261004  7  7 18  8  5  6  4 -1  3  4  0  0  6  1
20261004  7  8 25  5  8 10  1  1  6  4  0  0  7  1
20261004  7  9 14 11  6  7  5 -2  3  2  0  1 10  1
20261004  7 10 18  9  7  8  6  0  4  3  0  0  2  1
20261004  7 11 66  1  1  1 10  4  9  9  1  2  9  1
20261004  7 12  .  .  .  .  .  .  .  .  .  .  .  .
20261004  8  1 51  1  1  3 10  4  9  9  0  2  1  4
20261004  8  2 21  7  4 12  4  1  6  6  0  0  9  4
20261004  8  3 14 10  9 10  5  0  3  4  0  0  5  4
20261004  8  4 10 11 10  5  8  0  4  4  0  0 10  4
20261004  8  5 33  3  3  9 13  2  9  9  0  2 13  4
20261004  8  6 26  6  8  1  1  2  7  7  0  0  6  4
20261004  8  7  6 13 13  6 11 -3  1  1  0  1  2  4
20261004  8  8  8 12 12 13  7 -3  4  3  0  1 11  4
20261004  8  9 34  2  5 11  6  2  9  8  0  2 12  4
20261004  8 10 31  4  6  2  2  2  7  7  0  2  3  4
20261004  8 11 19  8  7  4 12  0  5  6  0  0  4  4
20261004  8 12 19  9 11  8  9  0  7  5  0  0  8  4
20261004  9  1 30  7  5  5  7  0  8  7  0  0  5  4
20261004  9  2 33  5  2  8  3  3  9  9  0  2  9  4
20261004  9  3 39  3  8  3  5  3  9  8  0  2  3  4
20261004  9  4 39  4  3  9  2  3  6  7  0  2  4  4
20261004  9  5 42  1  1  1  6  4  9  9  0  2  2  4
20261004  9  6 26  8  9  6  8  1  7  5  0  0  8  4
20261004  9  7 20  9  6  4  4  0  8  6  0  0  1  4
20261004  9  8 32  6  4  2  1  3  8  7  0  2  6  4
20261004  9  9 40  2  7  7  9  2  9  8  0  2  7  4
20261004  9 10  .  .  .  .  .  .  .  .  .  .  .  .
20261004  9 11  .  .  .  .  .  .  .  .  .  .  .  .
20261004  9 12  .  .  .  .  .  .  .  .  .  .  .  .
20261004 10  1 19  8  9  8  4 -2  4  4  0  0  9  4
20261004 10  2 35  4  8 10  2  0  7  6  0  0  3  4
20261004 10  3 42  2  7  7  7  3  8  7  0  0  6  4
20261004 10  4 15  9  6  4  3  0  4  5  2  0  2  4
20261004 10  5 31  6  4  3  9  1  6  6  0  0 11  4
20261004 10  6 37  3  1  6  1  0  7  8  0  2  5  4
20261004 10  7 24  7  5  1  5  0  5  6  0  0  7  4
20261004 10  8 12 10 11 11 10 -1  4  2  0  1  1  4
20261004 10  9 45  1  2  2 11  1  8  8  0  0  4  4
20261004 10 10  9 11 10  9  8 -4  2  1  0  1  8  4
20261004 10 11 32  5  3  5  6  0  6  7  0  0 10  4
20261004 10 12  .  .  .  .  .  .  .  .  .  .  .  .
20261004 11  1 22  8  6  4  7  0  6  6  0  0  6  4
20261004 11  2 13 11 11 10  3 -1  2  2  0  1 11  4
20261004 11  3 35  4  8 11  4  2  8  7  0  0  9  4
20261004 11  4 15 10  5  8  2  0  5  5  0  0  3  4
20261004 11  5 29  5  1  3 10  1  8  7  0  0  5  4
20261004 11  6 40  1  7  2  9  2  8  7  0  0  7  4
20261004 11  7 29  6  9  1 11  1  6  6  0  0  8  4
20261004 11  8 23  7  3  6  6  0  7  7  0  0  1  4
20261004 11  9 36  3  2  5  5  2  8  8  1  2 10  4
20261004 11 10 16  9 10  9  8  0  5  4  0  0  4  4
20261004 11 11 40  2  4  7  1  2  8  8  0  2  2  4
20261004 11 12  .  .  .  .  .  .  .  .  .  .  .  .
