20261003  1  1  7 11  7  2  8 -4  2  2  0  1  9  3
20261003  1  2 37  4  3  4  2 -1  4  6  0  0 11  3
20261003  1  3 13  8 11 11  7 -3  4  3  0  1  8  3
20261003  1  4 10  9  9  9 11 -3  3  2  0  1  2  3
20261003  1  5 24  6  6  7  5  0  4  4  0  0 10  3
20261003  1  6 15  7  8  8 10 -2  4  3  0  0  5  3
20261003  1  7  9 10 10  5  9 -4  1  2  1  1  6  3
20261003  1  8 47  3  5  1  6  0  5  7  0  2  3  3
20261003  1  9 54  1  4 10  4  0  7  6  2  2  4  3
20261003  1 10 36  5  2  6  3  0  5  6  0  0  7  3
20261003  1 11 49  2  1  3  1  0  6  6  0  2  1  3
20261003  1 12  .  .  .  .  .  .  .  .  .  .  .  .
20261003  2  1 10 10 10  8  4 -4  1  2  0  1  3  3
20261003  2  2 17  9  8 10  5 -1  1  2  0  1  6  3
20261003  2  3 55  1  2  5  2  2  8  9  1  2  9  3
20261003  2  4 23  6  9  3 11  0  4  5  1  0  7  3
20261003  2  5 29  5  4  2 10  0  4  5  0  0  5  3
20261003  2  6 43  2  1  4  1  1  6  8  0  2  4  3
20261003  2  7 31  4  3  7  7  0  5  6  0  0  8  3
20261003  2  8 23  7  7  6  8  0  3  4  0  0 11  3
20261003  2  9 43  3  6  1  9  2  7  6  0  2  2  3
20261003  2 10  4 11 11 11  3 -4  1  1  0  1  1  3
20261003  2 11 21  8  5  9  6 -1  3  4  0  0 10  3
20261003  2 12  .  .  .  .  .  .  .  .  .  .  .  .
20261003  3  1 11 11 10 10 11 -3  1  1  0  1  6  3
20261003  3  2 21  9  7  3  6  0  3  3  0  0  9  3
20261003  3  3 27  6  8  8  2  0  5  4  0  0  8  3
20261003  3  4 12 10 11  7  8 -3  1  2  0  1 11  3
20261003  3  5 27  5  9  1 10  0  5  3  0  1  5  3
20261003  3  6 43  1  2  2  5  0  7  8  0  0  3  3
20261003  3  7 25  7  5  5  4  0  4  4  0  0  7  3
20261003  3  8 41  3  3 11  1  1  5  6  0  2 10  3
20261003  3  9 41  2  1  9  3  0  7  7  0  0  2  3
20261003  3 10 25  8  4  6  9  0  3  4  0  0  4  3
20261003  3 11 27  4  6  4  7  0  6  4  0  0  1  3
20261003  3 12  .  .  .  .  .  .  .  .  .  .  .  .
20261003  4  1 24  7  9  7  3  0  5  5  0  0 11  4
20261003  4  2 30  5  3  6  7  0  7  7  0  0  6  4
20261003  4  3 25  6  2  1 11  0  6  7  0  2  5  4
20261003  4  4 16  9 11 10 10  0  3  2  0  1 10  4
20261003  4  5 32  3  5  2  9  2  7  7  1  0  2  4
20261003  4  6 42  2  1  3  1  2  7  8  0  2  3  4
20261003  4  7 13 11 10  9  8 -2  2  2  0  1  1  4
20261003  4  8 21  8  6  5  6  0  3  4  0  0  8  4
20261003  4  9 16 10  8  8  4  0  2  2  1  1  4  4
20261003  4 10 32  4  4  4  5  0  7  7  0  2  9  4
20261003  4 11 48  1  7 11  2  3  9  7  0  2  7  4
20261003  4 12  .  .  .  .  .  .  .  .  .  .  .  .
20261003  5  1 16  7  5  8  4 -1  3  3  0  0  5  1
20261003  5  2 54  2  2  2  1  4  9  9  0  2  2  1
20261003  5  3 13 10  9  7 10 -1  1  2  0  1  8  1
20261003  5  4 17  6 11 11  3  0  3  2  0  1  6  1
20261003  5  5 66  1  4  1  9  4  9  9  0  2 11  1
20261003  5  6 29  4  1  6  2  1  6  7  1  0  4  1
20261003  5  7  9 11  7 10  5 -4  1  2  1  1  1  1
20261003  5  8 48  3  3  5  7  3  9  9  0  2  9  1
20261003  5  9 16  8 10  4 11 -1  4  3  0  0 10  1
20261003  5 10 13  9  6  3  8 -3  3  5  0  1  3  1
20261003  5 11 21  5  8  9  6  0  3  2  0  0  7  1
20261003  5 12  .  .  .  .  .  .  .  .  .  .  .  .
20261003  6  1 22  6  7  6  4 -1  3  3  0  0  9  4
20261003  6  2  7 11 11 11 11 -4  2  1  0  1  7  4
20261003  6  3 32  4  4  5  2  1  5  5  0  0  6  4
20261003  6  4 20  8  5  3  8  0  2  3  1  0  3  4
20261003  6  5 22  5  3  4  3  0  4  5  0  0  5  4
20261003  6  6 38  3  6 10  1  1  5  5  0  2  1  4
20261003  6  7 46  2  2  2 10  2  8  7  0  2 10  4
20261003  6  8 17  9  9  8  7 -1  2  2  0  1  4  4
20261003  6  9 57  1  1  1  9  3  7  8  0  2  8  4
20261003  6 10 22  7  8  9  6 -1  5  3  0  0 11  4
20261003  6 11 17 10 10  7  5 -2  4  3  0  0  2  4
20261003  6 12  .  .  .  .  .  .  .  .  .  .  .  .
20261003  7  1 20  7  7  9 10  0  4  4  0  0 10  4
20261003  7  2 12 10 10 11  9 -1  2  2  1  0  3  4
20261003  7  3 37  2  2  2  8  3  6  8  0  0  4  4
20261003  7  4 37  3  4  7  1  3  8  7  0  2  9  4
20261003  7  5 20  8  5  6  4  0  4  5  0  1  8  4
20261003  7  6 27  6  6  8  5  0  5  5  0  0  6  4
20261003  7  7 10 11  8  4  6 -4  2  2  0  1  1  4
20261003  7  8 34  5  1  3  3  2  7  7  0  0  5  4
20261003  7  9 35  4  9  1  2  2  6  6  1  2 11  4
20261003  7 10 48  1  3  5  7  3  9  8  1  2  2  4
20261003  7 11 19  9 11 10 11  0  4  3  0  1  7  4
20261003  7 12  .  .  .  .  .  .  .  .  .  .  .  .
20261003  8  1 18 10  7  7  8 -2  3  3  0  1 10  4
20261003  8  2 20  8  8  8  7  0  4  4  0  0  5  4
20261003  8  3 20  9  9  5  4 -1  5  4  0  0  9  4
20261003  8  4 27  4 10  4 10  0  6  5  0  0  4  4
20261003  8  5 54  2  2  1  3  3  9  8  0  2  6  4
20261003  8  6 25  5  3  6  5  0  5  6  0  0  8  4
20261003  8  7 23  7  6 10  2  0  4  4  0  0  7  4
20261003  8  8 23  6  4  9  1  0  3  4  0  2  2  4
20261003  8  9 30  3  5  3  6  0  6  6  0  0  3  4
20261003  8 10 59  1  1  2  9  3  9  9  0  2  1  4
20261003  8 11  .  .  .  .  .  .  .  .  .  .  .  .
20261003  8 12  .  .  .  .  .  .  .  .  .  .  .  .
20261003  9  1 28  7  3  6  6  0  5  6  0  0  3  3
20261003  9  2 23  8  8  7  4 -1  5  5  0  0  7  3
20261003  9  3 43  1  1  8  1  3  8  8  0  2  8  3
20261003  9  4 21  9  7  5  8  0  5  4  0  0 10  3
20261003  9  5  9 11 10 11  2 -4  1  2  0  1  6  3
20261003  9  6 28  5  2  3  3  0  6  7  1  0  9  3
20261003  9  7 37  2  5  9  5  0  8  6  0  2  1  3
20261003  9  8 37  3  6  1  9  3  7  6  1  2  2  3
20261003  9  9 28  6 11 10 11  0  5  4  0  0  4  3
20261003  9 10 28  4  9  2 10  1  5  5  0  0 11  3
20261003  9 11 21 10  4  4  7  0  4  4  0  0  5  3
20261003  9 12  .  .  .  .  .  .  .  .  .  .  .  .
20261003 10  1 15  9  9 11  3 -1  5  2  0  0  9  3
20261003 10  2 20  6 10  6  4  0  5  4  0  0  5  3
20261003 10  3 10 10  8  8  7 -2  3  2  0  1  4  3
20261003 10  4 42  3  2  4  8  2  7  8  0  0  6  3
20261003 10  5 49  2  3  1 10  3  9  8  1  2 11  3
20261003 10  6 28  4  7  5  9  0  5  6  0  0  2  3
20261003 10  7 19  8  6  7  5  0  5  4  0  0  8  3
20261003 10  8 20  7  4 10  2  0  7  5  0  0  7  3
20261003 10  9 60  1  1  3  1  3  9  9  1  2  1  3
20261003 10 10 10 11 11  9  6 -3  3  1  0  1  3  3
20261003 10 11 26  5  5  2 11  0  7  6  0  0 10  3
20261003 10 12  .  .  .  .  .  .  .  .  .  .  .  .
