20261010  1  1 42  3  7  2  6  2  5  6  0  0  8  4
20261010  1  2 30  5  3  5  8 -1  5  5  1  0  9  4
20261010  1  3 29  6  2  6  2 -1  4  5  0  0  1  4
20261010  1  4 21  7  6  7  9 -1  6  4  1  0 11  4
20261010  1  5 13 10  5  8  3 -1  3  4  0  0  2  4
20261010  1  6 14  9  9 11 10 -1  4  3  1  0  3  4
20261010  1  7 14  8  8  3  7 -2  3  3  0  0  4  4
20261010  1  8 49  1 10  1  5  1  7  6  1  2  7  4
20261010  1  9 43  2  1  4  1  0  5  6  1  2  6  4
20261010  1 10  4 11 11 10 11 -4  1  1  0  1  5  4
20261010  1 11 42  4  4  9  4  0  7  7  1  0 10  4
20261010  1 12  .  .  .  .  .  .  .  .  .  .  .  .
20261010  2  1 38  2  9 10  3  3  8  8  0  2  7  4
20261010  2  2 29  6  4  9  2  1  6  5  0  0  1  4
20261010  2  3 30  5  7  7  1  2  6  6  0  0 10  4
20261010  2  4 17  8  5  6  9  1  5  5  1  0  8  4
20261010  2  5  9 10 10  5 11 -3  3  3  0  1  3  4
20261010  2  6 29  7  1  1  5  1  5  7  0  2  2  4
20261010  2  7 58  1  3  2  6  4  9  9  0  2  6  4
20261010  2  8 36  4  8  8  4  3  9  7  0  2  4  4
20261010  2  9 13  9  6  4  8  0  3  4  0  1  9  4
20261010  2 10 36  3  2  3  7  1  7  7  0  2  5  4
20261010  2 11  5 11 11 11 10 -4  1  1  1  1 11  4
20261010  2 12  .  .  .  .  .  .  .  .  .  .  .  .
20261010  3  1 12  9 11  3 11 -3  1  1  0  1  6  4
20261010  3  2  7 11  9 10  5 -4  1  1  0  1  9  4
20261010  3  3 41  3  2  9  4  0  6  7  0  2  3  4
20261010  3  4 21  7  5  4  6 -1  3  3  0  1  5  4
20261010  3  5 32  4  7  5  9  0  5  4  0  0  7  4
20261010  3  6 60  1  6  2  7  1  6  7  0  2 10  4
20261010  3  7 27  5  3  8  2 -1  4  5  1  1  4  4
20261010  3  8 11 10  8 11  1 -2  2  2  0  1 11  4
20261010  3  9 54  2  1  1  3  0  7  7  0  2  1  4
20261010  3 10 23  6  4  7  8 -1  4  3  0  1  8  4
20261010  3 11 14  8 10  6 10 -2  1  1  0  1  2  4
20261010  3 12  .  .  .  .  .  .  .  .  .  .  .  .
20261010  4  1 47  2  2 10  7  0  6  7  1  0 11  1
20261010  4  2 42  3  1  3  9  0  6  7  0  0  1  1
20261010  4  3 10 11  9  7  6 -4  1  1  0  1  2  1
20261010  4  4 12 10 10 11  1 -3  2  3  0  1  8  1
20261010  4  5 15  8  7  9  5 -1  1  2  0  1 10  1
20261010  4  6 13  9  8  8  3 -1  1  1  0  1  7  1
20261010  4  7 23  6  4  5  2  0  3  3  0  0  9  1
20261010  4  8 29  4  5  2  8  0  4  4  0  0  5  1
20261010  4  9 20  7  6  6 11 -2  2  2  0  1  6  1
20261010  4 10 23  5 11  4 10 -2  2  3  0  1  4  1
20261010  4 11 67  1  3  1  4  2  8  8  0  2  3  1
20261010  4 12  .  .  .  .  .  .  .  .  .  .  .  .
20261010  5  1 41  2  5 10  1  2  6  6  1  2  3  1
20261010  5  2 35  5  7  8  3  2  5  5  0  0  1  1
20261010  5  3 62  1  1  1  2  3  9  9  0  2  5  1
20261010  5  4 25  6  9  3  9 -2  5  6  0  0  9  1
20261010  5  5 36  3  2  5  7  0  6  6  1  0  2  1
20261010  5  6 11  9 10 11 10 -4  1  1  0  1  4  1
20261010  5  7 17  8  8  7 11  0  2  3  0  0 10  1
20261010  5  8  9 11 11  6  5 -4  3  2  0  1  7  1
20261010  5  9 35  4  4  2  6  0  5  6  0  0  6  1
20261010  5 10 20  7  3  4  8  0  4  6  0  0 11  1
20261010  5 11 10 10  6  9  4 -2  1  2  0  1  8  1
20261010  5 12  .  .  .  .  .  .  .  .  .  .  .  .
20261010  6  1 24  4  5 10  2  0  6  5  0  0  3  3
20261010  6  2 19  8  7  9  4  0  4  4  0  0  5  3
20261010  6  3 58  1  2  3  3  4  9  9  1  2  6  3
20261010  6  4 24  5  4  1  7  0  6  6  1  2  1  3
20261010  6  5 50  2  3  2  5  3  9  9  0  2  4  3
20261010  6  6 41  3  1  6  6  1  9  8  0  2 10  3
20261010  6  7 20  7 10 11  1  0  4  3  0  0  7  3
20261010  6  8 15 10 11  5  8  0  3  2  0  1  2  3
20261010  6  9 13 11  9  8 10 -3  2  2  0  1 11  3
20261010  6 10 20  6  8  7  9  0  4  4  0  0  8  3
20261010  6 11 16  9  6  4 11  0  2  3  0  0  9  3
20261010  6 12  .  .  .  .  .  .  .  .  .  .  .  .
20261010  7  1 18  8  7 10  1  0  4  4  0  0  5  1
20261010  7  2 22  6  9  3  2  0  6  5  0  0  3  1
20261010  7  3 51  2  1  5  6  3  9  8  1  2  6  1
20261010  7  4 12  9  8  9  3 -2  4  3  0  0  9  1
20261010  7  5 65  1  3  1 10  4  9  9  0  2 10  1
20261010  7  6 41  3  2  2  7  2  9  8  0  2  2  1
20261010  7  7  7 10 10  7  4 -3  2  1  0  1  8  1
20261010  7  8 19  7  4  6  8  0  6  5  1  0  1  1
20261010  7  9 41  4  5  8  9  1  9  7  1  2  4  1
20261010  7 10 24  5  6  4  5  0  5  4  0  0  7  1
20261010  7 11  .  .  .  .  .  .  .  .  .  .  .  .
20261010  7 12  .  .  .  .  .  .  .  .  .  .  .  .
20261010  8  1 45  2  2  9  1  1  5  6  0  2  3  4
20261010  8  2 44  3  8  5  3  0  5  5  0  0  1  4
20261010  8  3 51  1  1  1  7  0  7  7  0  2  2  4
20261010  8  4  8 10 10  7  6 -2  1  1  0  1  6  4
20261010  8  5 34  5  3  4  8  0  5  7  0  0  5  4
20261010  8  6 38  4  6  2  9  0  6  6  0  0  8  4
20261010  8  7 12  9  4  6  2 -4  2  2  1  1  9  4
20261010  8  8 29  6  9  3 10  0  4  4  0  0 10  4
20261010  8  9 23  7  5 10  4  0  3  3  0  0  7  4
20261010  8 10 16  8  7  8  5 -1  2  2  1  1  4  4
20261010  8 11  .  .  .  .  .  .  .  .  .  .  .  .
20261010  8 12  .  .  .  .  .  .  .  .  .  .  .  .
20261010  9  1 48  2  2  8  2  3  9  9  1  2  3  4
20261010  9  2 23  5  8  9  1  0  6  5  0  0  1  4
20261010  9  3 55  1  1  1  7  4  9  9  0  2 10  4
20261010  9  4 22  8  4  6  9  0  5  5  0  0  7  4
20261010  9  5  9 11  5  3 11 -3  2  3  0  1  2  4
20261010  9  6 23  6  9 10  4  0  6  4  0  0  6  4
20261010  9  7 33  4  7 11  3  1  6  5  0  0 11  4
20261010  9  8 18  9 10  5  6  0  5  4  0  0  4  4
20261010  9  9 10 10  6  4  8 -1  2  3  0  0  8  4
20261010  9 10 36  3  3  7 10  1  8  8  0  2  9  4
20261010  9 11 23  7 11  2  5  0  6  5  0  0  5  4
20261010  9 12  .  .  .  .  .  .  .  .  .  .  .  .
20261010 10  1 22  7  7  8  5  0  6  4  1  0  2  3
20261010 10  2 54  1  5  2 11  3  9  8  1  2 11  3
20261010 10  3 17  9  6  3  7  0  4  4  1  0  5  3
20261010 10  4 22  5  9  7  8  0  4  3  0  0  8  3
20261010 10  5 46  3  3  6  4  3  9  8  1  2  4  3
20261010 10  6 11 11 11 10  9 -1  3  2  0  1  9  3
20261010 10  7 11 10  8 11  2 -3  3  2  0  1  1  3
20261010 10  8 27  4  4  5  1  1  7  6  0  2 10  3
20261010 10  9 22  6  2  1 10  0  6  7  0  2  3  3
20261010 10 10 21  8 10  9  6  0  5  4  0  0  7  3
20261010 10 11 46  2  1  4  3  3  9  9  0  2  6  3
20261010 10 12  .  .  .  .  .  .  .  .  .  .  .  .
