20261005  1  1 28  4  1  5  4  0  5  5  0  0  3  3
20261005  1  2  9 10  8 11  5 -2  2  2  0  1 11  3
20261005  1  3 57  1  4 10  1  3  9  7  0  2 10  3
20261005  1  4 21  6  7  6  7  0  3  4  0  1  1  3
20261005  1  5  9 11 10  9  9 -3  2  2  0  1  8  3
20261005  1  6 21  7 11  3 10  0  4  5  0  0  4  3
20261005  1  7 18  8  9  8  6 -1  3  4  0  0  6  3
20261005  1  8 24  5  6  4  8  0  5  5  0  0  7  3
20261005  1  9 17  9  5  7  3  0  3  4  1  0  9  3
20261005  1 10 43  3  2  1 11  1  7  8  0  2  2  3
20261005  1 11 53  2  3  2  2  3  9  9  1  2  5  3
20261005  1 12  .  .  .  .  .  .  .  .  .  .  .  .
20261005  2  1 15  5 11  1 11 -2  2  2  0  1  2  2
20261005  2  2 76  1  3  7  3  1  6  7  0  2  3  2
20261005  2  3 66  2  1  6  2  2  7  7  1  1 10  2
20261005  2  4 32  4  8 10  8 -2  4  4  0  0  4  2
20261005  2  5  7 10  5  4  9 -4  1  1  0  1  1  2
20261005  2  6 15  6  4 11  4 -1  1  1  0  1  6  2
20261005  2  7  6 11 10  3 10 -4  2  1  0  1  9  2
20261005  2  8 14  8  6  9  5 -2  2  2  0  1  8  2
20261005  2  9 14  7  9  2  7 -3  1  2  0  1 11  2
20261005  2 10 44  3  2  5  1 -1  3  6  0  2  5  2
20261005  2 11 12  9  7  8  6 -4  1  1  0  1  7  2
20261005  2 12  .  .  .  .  .  .  .  .  .  .  .  .
20261005  3  1 23  6 10  2  9  1  5  5  0  0  3  3
20261005  3  2 45  2  7  6  6  3  9  8  1  2  2  3
20261005  3  3 50  1  3  1  5  3  8  8  1  2  5  3
20261005  3  4 37  4  1  5  2  3  8  8  0  0  4  3
20261005  3  5 45  3  5  4  8  2  9  8  0  2  7  3
20261005  3  6 17  8  9 10  3  0  4  3  0  0  1  3
20261005  3  7 30  5  2  3 10  1  7  7  0  0 11  3
20261005  3  8  6 11  4 11  1 -3  1  3  0  2  6  3
20261005  3  9 12 10 11  9  4 -2  3  3  0  0 10  3
20261005  3 10 16  9  8  7  7  0  3  4  0  0  9  3
20261005  3 11 20  7  6  8 11  0  4  4  0  0  8  3
20261005  3 12  .  .  .  .  .  .  .  .  .  .  .  .
20261005  4  1 10 10  6  5  6 -2  1  2  0  1 10  4
20261005  4  2 15  8 11  7  8  0  4  2  1  1  5  4
20261005  4  3 39  3  7  2 11  2  8  7  1  2  3  4
20261005  4  4 14  9 10  4  9  0  2  2  0  0  8  4
20261005  4  5 39  2  2  3  2  3  9  9  0  2  9  4
20261005  4  6 32  6  8  6  7  0  7  7  2  0  6  4
20261005  4  7 32  7  9  9  5  1  6  6  0  0  7  4
20261005  4  8 34  4  3  8  4  0  9  8  0  2  2  4
20261005  4  9 33  5  5 11  3  2  7  6  0  0  4  4
20261005  4 10 43  1  1 10  1  3  9  8  0  2  1  4
20261005  4 11  9 11  4  1 10 -2  2  3  0  2 11  4
20261005  4 12  .  .  .  .  .  .  .  .  .  .  .  .
20261005  5  1 48  1  2  1 11  3  9  9  0  2  1  4
20261005  5  2 32  3  1  4  3  2  8  7  1  0  3  4
20261005  5  3 44  2  6 10  1  3  9  7  0  2  2  4
20261005  5  4 20  8  7  2 10  1  6  5  0  0  7  4
20261005  5  5 23  7  9  5  8  0  7  5  1  0 10  4
20261005  5  6 19 10 11 11  2  0  5  3  0  0 11  4
20261005  5  7 29  4  4  6  7  1  6  5  2  0  5  4
20261005  5  8 20  9 10  8  5  0  6  5  0  0  4  4
20261005  5  9 13 11  8  7  4 -1  4  3  0  1  8  4
20261005  5 10 29  5  3  9  6  0  7  7  0  2  6  4
20261005  5 11 23  6  5  3  9  0  5  5  0  0  9  4
20261005  5 12  .  .  .  .  .  .  .  .  .  .  .  .
20261005  6  1 55  1  2  5  6  2  9  9  1  2  1  4
20261005  6  2 29  6  8  4  9  1  7  6  0  0  5  4
20261005  6  3 12 10  6  1 11 -1  2  3  0  1  9  4
20261005  6  4 33  4  5 10  1  2  6  5  2  2  4  4
20261005  6  5 45  2  1  2  3  3  9  9  1  2  8  4
20261005  6  6 13  9 11  9 10 -1  2  2  0  0  2  4
20261005  6  7 17  8  7  3  7 -1  5  3  0  0 10  4
20261005  6  8 33  5  9  7  5  1  6  5  0  0  7  4
20261005  6  9 36  3  3 11  2  0  7  7  0  0  6  4
20261005  6 10 19  7  4  6  4  0  4  4  0  0  3  4
20261005  6 11  9 11 10  8  8 -3  3  2  0  1 11  4
20261005  6 12  .  .  .  .  .  .  .  .  .  .  .  .
20261005  7  1 26  6  3  4  2  0  4  6  0  0 10  4
20261005  7  2 23  7  9 11  5 -1  6  4  0  0  9  4
20261005  7  3 14 10 10  6  9 -1  4  4  0  0  5  4
20261005  7  4 10 11  8  8 11 -3  2  2  0  1  6  4
20261005  7  5 39  3  5  5  1  2  7  7  0  2  7  4
20261005  7  6 33  4  4 10  3  2  7  7  0  0  1  4
20261005  7  7 30  5  7  9  6  0  6  6  0  0  2  4
20261005  7  8 14  9 11  2  8  0  3  3  0  1 11  4
20261005  7  9 40  2  2  1 10  2  9  8  0  2  8  4
20261005  7 10 53  1  1  3  7  3  9  9  0  2  3  4
20261005  7 11 18  8  6  7  4  0  5  5  1  0  4  4
20261005  7 12  .  .  .  .  .  .  .  .  .  .  .  .
20261005  8  1 38  1  3  6  6  3  8  8  0  0  1  4
20261005  8  2 38  2  8  3  8  3  9  8  0  2  2  4
20261005  8  3 28  8 10 10  4  0  7  6  0  0 10  4
20261005  8  4 13 10  6  7 10 -2  5  4  0  1  8  4
20261005  8  5 30  7  4  9  3  2  8  7  0  2  6  4
20261005  8  6 32  5  1  5  2  1  9  8  1  2  7  4
20261005  8  7 32  6  5  1  1  2  7  6  0  0  5  4
20261005  8  8 35  4  2  4  9  1  8  8  0  2  3  4
20261005  8  9 17  9  9  8  7  0  7  5  0  0  9  4
20261005  8 10 37  3  7  2  5  2  8  7  0  0  4  4
20261005  8 11  .  .  .  .  .  .  .  .  .  .  .  .
20261005  8 12  .  .  .  .  .  .  .  .  .  .  .  .
20261005  9  1 19  8 11  9  3  0  2  4  0  0  6  4
20261005  9  2 22  7  5  5  9  0  6  6  0  0  7  4
20261005  9  3 31  3  2  1 11  1  7  7  1  2  3  4
20261005  9  4 13 10  7 11  1 -2  3  3  0  0  5  4
20261005  9  5 31  4  8  6  2  1  8  6  0  0 11  4
20261005  9  6 58  1  1  2  5  4  9  9  1  2  9  4
20261005  9  7 44  2  3  4  8  2  8  9  0  2  2  4
20261005  9  8 16  9  9  8  4 -1  2  2  0  1  1  4
20261005  9  9 25  6  4  3  7  0  6  6  0  0  8  4
20261005  9 10 13 11 10 10 10 -3  3  3  0  1  4  4
20261005  9 11 28  5  6  7  6  0  5  4  0  0 10  4
20261005  9 12  .  .  .  .  .  .  .  .  .  .  .  .
20261005 10  1 57  1  2  5  4  4  9  9  0  2  1  4
20261005 10  2 41  2  3  2  6  3  8  8  0  2  2  4
20261005 10  3 26  5  1  8  1  1  6  6  1  2  5  4
20261005 10  4 19  9  8  4  8  0  5  5  0  0 10  4
20261005 10  5 37  3  5  3  3  2  8  8  0  2  3  4
20261005 10  6  9 11  9  6  9 -2  1  2  0  1 11  4
20261005 10  7 20  7 10 10  7  0  5  4  0  0  7  4
20261005 10  8 16 10  6  7 11  0  3  4  0  1  9  4
20261005 10  9 20  8  7 11  2  0  6  5  0  0  4  4
20261005 10 10 32  4  4  1 10  1  8  7  0  2  8  4
20261005 10 11 23  6 11  9  5  0  6  5  0  0  6  4
20261005 10 12  .  .  .  .  .  .  .  .  .  .  .  .
